910023E9 10010001000000000010001111101001 11101001001000110000000010010001
94000011 10010100000000000000000000010001 00010001000000000000000010010100
8B1F0260 10001011000111110000001001100000 01100000000000100001111110001011
8B1F03E1 10001011000111110000001111100001 11100001000000110001111110001011
8B1F0298 10001011000111110000001010011000 10011000000000100001111110001011
D1000718 11010001000000000000011100011000 00011000000001110000000011010001
14000001 00010100000000000000000000000001 00000001000000000000000000010100
94000027 10010100000000000000000000100111 00100111000000000000000010010100
8B1F02C2 10001011000111110000001011000010 11000010000000100001111110001011
94000016 10010100000000000000000000010110 00010110000000000000000010010100
91000421 10010001000000000000010000100001 00100001000001000000000010010001
91000424 10010001000000000000010000100100 00100100000001000000000010010001
EB040045 11101011000001000000000001000101 01000101000000000000010011101011
B40007E5 10110100000000000000011111100101 11100101000001110000000010110100
F10004A6 11110001000000000000010010100110 10100110000001000000000011110001
540007A4 01010100000000000000011110100100 10100100000001110000000001010100
17FFFFF7 00010111111111111111111111110111 11110111111111111111111100010111
1400003B 00010100000000000000000000111011 00111011000000000000000000010100
D100239C 11010001000000000010001110011100 10011100001000110000000011010001
F800039E 11111000000000000000001110011110 10011110000000110000000011111000
910003EA 10010001000000000000001111101010 11101010000000110000000010010001
91000534 10010001000000000000010100110100 00110100000001010000000010010001
D3600D4B 11010011011000000000110101001011 01001011000011010110000011010011
8B0B03F3 10001011000010110000001111110011 11110011000000110000101110001011
F8000269 11111000000000000000001001101001 01101001000000100000000011111000
9100054A 10010001000000000000010101001010 01001010000001010000000010010001
D1000529 11010001000000000000010100101001 00101001000001010000000011010001
B5FFFF69 10110101111111111111111101101001 01101001111111111111111110110101
B4000029 10110100000000000000000000101001 00101001000000000000000010110100
F840039E 11111000010000000000001110011110 10011110000000110100000011111000
D60003C0 11010110000000000000001111000000 11000000000000110000000011010110
D100439C 11010001000000000100001110011100 10011100010000110000000011010001
F800039E 11111000000000000000001110011110 10011110000000110000000011111000
F8008380 11111000000000001000001110000000 10000000100000110000000011111000
D3600C29 11010011011000000000110000101001 00101001000011000110000011010011
D3600C4A 11010011011000000000110001001010 01001010000011000110000011010011
8B0903E9 10001011000010010000001111101001 11101001000000110000100110001011
8B0A03EA 10001011000010100000001111101010 11101010000000110000101010001011
F840012B 11111000010000000000000100101011 00101011000000010100000011111000
F840014C 11111000010000000000000101001100 01001100000000010100000011111000
F800012C 11111000000000000000000100101100 00101100000000010000000011111000
F800014B 11111000000000000000000101001011 01001011000000010000000011111000
F840039E 11111000010000000000001110011110 10011110000000110100000011111000
F8408380 11111000010000001000001110000000 10000000100000110100000011111000
9100439C 10010001000000000100001110011100 10011100010000110000000010010001
D60003C0 11010110000000000000001111000000 11000000000000110000000011010110
D100439C 11010001000000000100001110011100 10011100010000110000000011010001
F800039E 11111000000000000000001110011110 10011110000000110000000011111000
F8008381 11111000000000001000001110000001 10000001100000110000000011111000
8B1F0036 10001011000111110000000000110110 00110110000000000001111110001011
D3600C29 11010011011000000000110000101001 00101001000011000110000011010011
F840012B 11111000010000000000000100101011 00101011000000010100000011111000
8B1F0175 10001011000111110000000101110101 01110101000000010001111110001011
94000001 10010100000000000000000000000001 00000001000000000000000010010100
D3600C29 11010011011000000000110000101001 00101001000011000110000011010011
9100042A 10010001000000000000010000101010 00101010000001000000000010010001
D3600D4D 11010011011000000000110101001101 01001101000011010110000011010011
F840012B 11111000010000000000000100101011 00101011000000010100000011111000
F84001AC 11111000010000000000000110101100 10101100000000010100000011111000
EB010303 11101011000000010000001100000011 00000011000000110000000111101011
B4000183 10110100000000000000000110000011 10000011000000010000000010110100
540001E4 01010100000000000000000111100100 11100100000000010000000001010100
EB0B018E 11101011000010110000000110001110 10001110000000010000101111101011
54000044 01010100000000000000000001000100 01000100000000000000000001010100
540000A5 01010100000000000000000010100101 10100101000000000000000001010100
8B0C03F5 10001011000011000000001111110101 11110101000000110000110010001011
8B0103F6 10001011000000010000001111110110 11110110000000110000000110001011
91000421 10010001000000000000010000100001 00100001000001000000000010010001
97FFFFF2 10010111111111111111111111110010 11110010111111111111111110010111
8B0B03F5 10001011000010110000001111110101 11110101000000110000101110001011
91000421 10010001000000000000010000100001 00100001000001000000000010010001
97FFFFEF 10010111111111111111111111101111 11101111111111111111111110010111
F840039E 11111000010000000000001110011110 10011110000000110100000011111000
F8408381 11111000010000001000001110000001 10000001100000110100000011111000
910006D6 10010001000000000000011011010110 11010110000001100000000010010001
D60003C0 11010110000000000000001111000000 11000000000000110000000011010110
FFC00000 11111111110000000000000000000000 00000000000000001100000011111111
